6
0 15 30 10 25 20
15 0 35 12 18 22
30 35 0 14 28 26
10 12 14 0 16 24
25 18 28 16 0 19
20 22 26 24 19 0
8
0 12 23 34 45 21 32 18
12 0 17 28 39 25 30 22
23 17 0 19 31 27 24 20
34 28 19 0 16 33 29 26
45 39 31 16 0 35 40 38
21 25 27 33 35 0 14 19
32 30 24 29 40 14 0 13
18 22 20 26 38 19 13 0
10
0 11 22 33 44 55 21 32 43 25
11 0 13 24 35 46 27 38 49 30
22 13 0 15 26 37 28 39 40 31
33 24 15 0 17 28 29 30 41 32
44 35 26 17 0 19 20 21 42 33
55 46 37 28 19 0 11 12 43 34
21 27 28 29 20 11 0 13 24 35
32 38 39 30 21 12 13 0 25 36
43 49 40 41 42 43 24 25 0 37
25 30 31 32 33 34 35 36 37 0
11
0 14 23 31 18 25 33 27 19 24 30
14 0 13 24 15 22 30 24 16 21 27
23 13 0 11 18 19 27 21 13 18 24
31 24 11 0 21 20 18 14 16 22 19
18 15 18 21 0 17 25 19 11 16 22
25 22 19 20 17 0 13 10 12 18 14
33 30 27 18 25 13 0 11 13 19 15
27 24 21 14 19 10 11 0 10 16 12
19 16 13 16 11 12 13 10 0 13 9
24 21 18 22 16 18 19 16 13 0 11
30 27 24 19 22 14 15 12 9 11 0
12
0 13 22 31 18 25 33 27 19 24 30 21
13 0 11 24 15 22 30 24 16 21 27 18
22 11 0 13 18 19 27 21 13 18 24 15
31 24 13 0 21 20 18 14 16 22 19 12
18 15 18 21 0 17 25 19 11 16 22 13
25 22 19 20 17 0 13 10 12 18 14 15
33 30 27 18 25 13 0 11 13 19 15 16
27 24 21 14 19 10 11 0 10 16 12 13
19 16 13 16 11 12 13 10 0 13 9 10
24 21 18 22 16 18 19 16 13 0 11 12
30 27 24 19 22 14 15 12 9 11 0 10
21 18 15 12 13 15 16 13 10 12 10 0
